29105 12888
29106 12889
29095 12889
29098 12889
29096 12889
29105 12889
29106 12890
29099 12890
29106 12891
29110 12890
29095 12890
29097 12890
29099 12891
29098 12890
29106 12892
29094 12890
29095 12891
29097 12891
29098 12891
29099 12892
29106 12893
29099 12893
29106 12894
29098 12892
29116 12891
29094 12891
29106 12895
29117 12892
29106 12896
29095 12892
29097 12892
29106 12897
29104 12888
29116 12893
29095 12893
29106 12898
29116 12894
29095 12894
29109 12889
29106 12899
29116 12895
29107 12889
29096 12890
29095 12895
29109 12890
29106 12900
29116 12896
29107 12890
29095 12896
29096 12891
29105 12890
29109 12891
29112 12890
29100 12890
29111 12890
29104 12890
29106 12901
29116 12897
29110 12891
29107 12891
29113 12891
29095 12897
29115 12891
29096 12892
29105 12891
29109 12892
29112 12891
29100 12891
29117 12896
29116 12898
29110 12892
29106 12902
29115 12892
29109 12893
29105 12892
29095 12898
29096 12893
29113 12892
29112 12892
29100 12892
29104 12891
29117 12897
29116 12899
29110 12893
29115 12893
29113 12893
29095 12899
29105 12893
29102 12891
29112 12893
29096 12894
29099 12894
29100 12893
29098 12893
29117 12898
29116 12900
29115 12894
29104 12892
29110 12894
29113 12894
29103 12891
29094 12892
29112 12894
29095 12900
29096 12895
29102 12892
29105 12894
29116 12901
29098 12894
29100 12894
29099 12895
29104 12893
29115 12895
29113 12895
29096 12896
29094 12893
29110 12895
29099 12896
29116 12902
29100 12895
29112 12895
29095 12901
29098 12895
29104 12894
29088 12893
29118 12897
29115 12896
29113 12896
29097 12893
29094 12894
29110 12896
29099 12897
29116 12903
29091 12893
29112 12896
29100 12896
29098 12896
29104 12895
29108 12889
29115 12897
29095 12902
29097 12894
29094 12895
29113 12897
29110 12897
29099 12898
29091 12894
29100 12897
29112 12897
29116 12904
29098 12897
29108 12890
29115 12898
29104 12896
29097 12895
29088 12894
29113 12898
29095 12903
29105 12895
29094 12896
29110 12898
29099 12899
29091 12895
29116 12905
29100 12898
29098 12898
29115 12899
29108 12891
29104 12897
29118 12899
29097 12896
29088 12895
29113 12899
29105 12896
29095 12904
29107 12892
29091 12896
29116 12906
29100 12899
29114 12890
29099 12900
29098 12899
29108 12892
29088 12896
29104 12898
29113 12900
29118 12900
29097 12897
29115 12900
29107 12893
29105 12897
29100 12900
29116 12907
29095 12905
29109 12894
29106 12903
29091 12897
29108 12893
29098 12900
29097 12898
29118 12901
29115 12901
29104 12899
29113 12901
29088 12897
29107 12894
29114 12891
29095 12906
29105 12898
29109 12895
29091 12898
29100 12901
29106 12904
29098 12901
29108 12894
29117 12899
29097 12899
29118 12902
29090 12893
29104 12900
29115 12902
29088 12898
29105 12899
29103 12892
29107 12895
29095 12907
29102 12893
29109 12896
29091 12899
29106 12905
29100 12902
29114 12892
29117 12900
29108 12895
29101 12891
29098 12902
29090 12894
29104 12901
29115 12903
29118 12903
29097 12900
29095 12908
29107 12896
29105 12900
29100 12903
29106 12906
29096 12897
29114 12893
29088 12899
29091 12900
29102 12894
29103 12893
29109 12897
29108 12896
29101 12892
29090 12895
29098 12903
29104 12902
29097 12901
29105 12901
29100 12904
29095 12909
29114 12894
29106 12907
29091 12901
29108 12897
29109 12898
29102 12895
29096 12898
29090 12896
29104 12903
29101 12893
29098 12904
29088 12900
29103 12894
29097 12902
29105 12902
29100 12905
29106 12908
29114 12895
29096 12899
29108 12898
29109 12899
29095 12910
29087 12894
29104 12904
29101 12894
29098 12905
29091 12902
29102 12896
29088 12901
29097 12903
29086 12894
29105 12903
29106 12909
29114 12896
29096 12900
29100 12906
29104 12905
29095 12911
29098 12906
29101 12895
29087 12895
29111 12891
29102 12897
29091 12903
29094 12897
29088 12902
29106 12910
29114 12897
29097 12904
29105 12904
29096 12901
29101 12896
29104 12906
29098 12907
29111 12892
29087 12896
29100 12907
29102 12898
29094 12898
29099 12901
29091 12904
29093 12891
29114 12898
29106 12911
29097 12905
29088 12903
29096 12902
29105 12905
29098 12908
29104 12907
29100 12908
29087 12897
29102 12899
29101 12897
29099 12902
29091 12905
29094 12899
29111 12893
29088 12904
29106 12912
29096 12903
29105 12906
29104 12908
29098 12909
29097 12906
29110 12899
29100 12909
29087 12898
29102 12900
29099 12903
29101 12898
29091 12906
29111 12894
29088 12905
29093 12892
29094 12900
29106 12913
29105 12907
29092 12892
29097 12907
29096 12904
29098 12910
29104 12909
29113 12902
29100 12910
29110 12900
29087 12899
29099 12904
29091 12907
29101 12899
29111 12895
29093 12893
29094 12901
29088 12906
29106 12914
29105 12908
29097 12908
29096 12905
29098 12911
29117 12901
29113 12903
29100 12911
29091 12908
29101 12900
29111 12896
29099 12905
29087 12900
29115 12904
29110 12901
29094 12902
29093 12894
29106 12915
29088 12907
29107 12897
29092 12893
29089 12892
29117 12902
29103 12895
29112 12898
29098 12912
29096 12906
29097 12909
29113 12904
29105 12909
29091 12909
29108 12899
29100 12912
29087 12901
29099 12906
29115 12905
29111 12897
29109 12900
29101 12901
29107 12898
29088 12908
29093 12895
29106 12916
29094 12903
29095 12912
29117 12903
29098 12913
29096 12907
29112 12899
29103 12896
29113 12905
29097 12910
29091 12910
29108 12900
29087 12902
29105 12910
29111 12898
29100 12913
29109 12901
29106 12917
29107 12899
29101 12902
29086 12895
29115 12906
29088 12909
29099 12907
29093 12896
29094 12904
29112 12900
29089 12893
29096 12908
29113 12906
29103 12897
29097 12911
29087 12903
29108 12901
29105 12911
29111 12899
29100 12914
29109 12902
29106 12918
29086 12896
29093 12897
29115 12907
29102 12901
29089 12894
29094 12905
29112 12901
29096 12909
29113 12907
29101 12903
29103 12898
29099 12908
29108 12902
29087 12904
29111 12900
29100 12915
29105 12912
29109 12903
29086 12897
29093 12898
29115 12908
29094 12906
29113 12908
29096 12910
29089 12895
29103 12899
29102 12902
29099 12909
29108 12903
29087 12905
29101 12904
29105 12913
29109 12904
29100 12916
29086 12898
29093 12899
29089 12896
29103 12900
29113 12909
29109 12905
29105 12914
29100 12917
29099 12910
29086 12899
29113 12910
29103 12901
29089 12897
29110 12902
29102 12903
29094 12907
29096 12911
29108 12904
29087 12906
29109 12906
29105 12915
29099 12911
29103 12902
29086 12900
29089 12898
29113 12911
29110 12903
29101 12905
29102 12904
29094 12908
29108 12905
29105 12916
29109 12907
29087 12907
29089 12899
29100 12918
29103 12903
29099 12912
29113 12912
29114 12899
29094 12909
29102 12905
29098 12914
29086 12901
29108 12906
29105 12917
29087 12908
29109 12908
29100 12919
29107 12900
29099 12913
29103 12904
29089 12900
29108 12907
29113 12913
29102 12906
29098 12915
29094 12910
29086 12902
29105 12918
29109 12909
29107 12901
29106 12919
29092 12894
29099 12914
29104 12910
29097 12912
29112 12902
29113 12914
29098 12916
29089 12901
29108 12908
29103 12905
29102 12907
29111 12901
29119 12900
29094 12911
29086 12903
29109 12910
29092 12895
29112 12903
29113 12915
29104 12911
29097 12913
29089 12902
29103 12906
29119 12901
29094 12912
29099 12915
29115 12909
29090 12897
29093 12900
29108 12909
29111 12902
29102 12908
29086 12904
29109 12911
29092 12896
29112 12904
29097 12914
29113 12916
29089 12903
29119 12902
29099 12916
29108 12910
29093 12901
29111 12903
29102 12909
29086 12905
29112 12905
29092 12897
29113 12917
29089 12904
29093 12902
29108 12911
29102 12910
29099 12917
29112 12906
29086 12906
29096 12912
29089 12905
29113 12918
29097 12915
29092 12898
29115 12911
29093 12903
29108 12912
29092 12899
29112 12907
29113 12919
29110 12904
29086 12907
29101 12906
29089 12906
29096 12913
29114 12900
29115 12912
29093 12904
29108 12913
29086 12908
29092 12900
29089 12907
29101 12907
29113 12920
29099 12918
29093 12905
29115 12913
29112 12908
29108 12914
29110 12905
29113 12921
29107 12902
29092 12901
29101 12908
29112 12909
29110 12906
29093 12906
29115 12914
29107 12903
29101 12909
29115 12915
29112 12910
29092 12902
29110 12907
29104 12912
29103 12907
29107 12904
29090 12898
29092 12903
29115 12916
29112 12911
29101 12910
29104 12913
29110 12908
29103 12908
29090 12899
29092 12904
29107 12905
29112 12912
29115 12917
29104 12914
29118 12915
29110 12909
29101 12911
29090 12900
29092 12905
29107 12906
29115 12918
29112 12913
29104 12915
29118 12916
29110 12910
29101 12912
29090 12901
29102 12911
29112 12914
29110 12911
29104 12916
29118 12917
29115 12919
29107 12907
29092 12906
29090 12902
29101 12913
29104 12917
29115 12920
29092 12907
29118 12918
29112 12915
29101 12914
29090 12903
29110 12912
29116 12912
29104 12918
29115 12921
29101 12915
29092 12908
29114 12901
29090 12904
29116 12913
29112 12916
29110 12913
29101 12916
29112 12917
29116 12914
29110 12914
29090 12905
29089 12908
29114 12902
29108 12915
29112 12918
29101 12917
29116 12915
29110 12915
29090 12906
29108 12916
29089 12909
29093 12907
29112 12919
29101 12918
29116 12916
29110 12916
29108 12917
29093 12908
29109 12912
29112 12920
29101 12919
29110 12917
29116 12917
29103 12909
29108 12918
29111 12904
29093 12909
29112 12921
29110 12918
29109 12913
29108 12919
29103 12910
29093 12910
29111 12905
29116 12918
29109 12914
29112 12922
29110 12919
29102 12912
29108 12920
29103 12911
29093 12911
29116 12919
29109 12915
29102 12913
29110 12920
29103 12912
29116 12920
29092 12909
29110 12921
29102 12914
29103 12913
29109 12916
29116 12921
29110 12922
29092 12910
29114 12903
29102 12915
29109 12917
29090 12907
29109 12918
29114 12904
29102 12916
29090 12908
29114 12905
29109 12919
29102 12917
29090 12909
29114 12906
29102 12918
29109 12920
29090 12910
29114 12907
29109 12921
29107 12908
29111 12906
29114 12908
29118 12919
29114 12909
29111 12907
29107 12909
29109 12922
29114 12910
29111 12908
29107 12910
29114 12911
29103 12914
29114 12912
29103 12915
29111 12909
29114 12913
29103 12916
29111 12910
29114 12914
29117 12914
29103 12917
29111 12911
29114 12915
29117 12915
29103 12918
29114 12916
29111 12912
29117 12916
29118 12920
29114 12917
29111 12913
29117 12917
29114 12918
29111 12914
29117 12918
29107 12911
29114 12919
29111 12915
29117 12919
29107 12912
29114 12920
29111 12916
29117 12920
29107 12913
29114 12921
29117 12921
29111 12917
29107 12914
29111 12918
29107 12915
29111 12919
29107 12916
29111 12920
29107 12917
29111 12921
29107 12918
29111 12922
29107 12919
29118 12921
29119 12915
29119 12916
29119 12917
29120 12915
29120 12916
29120 12917
29119 12918
29120 12918
29119 12919
29120 12919
29119 12920
29120 12920
29119 12921